2.678515613079071045e-01
1.464526504278182983e-01
1.196763440966606140e-01
1.145364940166473389e-01
1.093610003590583801e-01
1.073003187775611877e-01
1.056162193417549133e-01
1.063785478472709656e-01
1.059477031230926514e-01
1.046980842947959900e-01
1.045067831873893738e-01
1.044554635882377625e-01
1.048187240958213806e-01
1.045812740921974182e-01
1.041546687483787537e-01
1.052727624773979187e-01
1.047955229878425598e-01
1.045417338609695435e-01
1.045999228954315186e-01
1.046623736619949341e-01
1.043495684862136841e-01
1.056085228919982910e-01
1.042274907231330872e-01
1.043899431824684143e-01
1.042601764202117920e-01
1.041252538561820984e-01
1.046426966786384583e-01
1.045202612876892090e-01
1.043059304356575012e-01
1.041500568389892578e-01
1.046131476759910583e-01
1.041659861803054810e-01
1.053265184164047241e-01
1.061930805444717407e-01
1.046391353011131287e-01
1.049703434109687805e-01
1.042044609785079956e-01
1.045481041073799133e-01
1.046399697661399841e-01
1.043735221028327942e-01
